35002
10817
57832
19142
20389
46949
51193
8909
16781
17102
3834
61417
42264
6510
40437
19314
22920
16170
57503
18559
63962
51485
14138
22259
35212
16986
7997
58758
60850
38226
54540
58100
38655
49391
45317
34269
1405
59372
50805
29301
49647
44826
49362
19203
11502
3210
50686
30421
3439
35333
23243
55464
8544
319
13439
54337
30747
13297
17993
20689
318
36317
42802
60787
16388
22203
35811
54424
21744
40607
6798
7387
47744
1231
25995
28607
59224
59200
7783
25504
7563
40097
19998
7070
44354
41954
31596
274
54728
34616
34028
54325
52311
58691
9476
38766
43335
18029
41208
36942
35707
13852
50714
32032
62614
27600
48897
19474
38817
36804
55898
56283
50393
32110
27813
15215
37246
33876
4337
18732
28374
33255
45591
43056
18856
15600
43223
38506
34881
59772
33607
62898
27136
27394
37420
45100
54699
52756
28782
49800
35973
37750
25394
34709
54509
4201
42336
9862
59617
11083
39663
10800
2277
44228
9758
39419
54105
54540
16006
24360
4320
48643
48754
10518
16609
44803
39358
23311
58133
2524
18866
13506
25999
2612
52835
23941
14062
40329
52949
10348
19367
4728
59748
22136
18734
63061
27774
14979
62189
59461
26584
706
43269
28083
14273
33711
8472
27896
29019
19045
43711
9441
65437
30462
36211
35507
36966
3249
29075
30772
24207
2959
31502
4383
23700
61689
16317
5779
41645
46706
9756
22693
24049
17613
57592
13764
56361
43473
41555
48622
27594
27320
37094
137
53561
44179
59749
44998
60577
57096
46102
18352
44466
17407
57849
31136
43059
25129
6062
45980
990
55086
6318
11618
20405
27263
12518
12263
7005
59961
48651
3905
31670
39391
720
3862
39447
36212
15732
44732
41552
38158
58931
28821
19072
41778
27266
26640
29582
17884
27746
51045
8653
44251
54098
25011
7477
17102
64345
64568
45010
26185
16290
14755
12892
53604
36489
35292
53650
38070
50661
32423
22133
47732
15650
8000
55011
5319
10392
49609
22200
61992
50108
50796
19085
24926
24441
33951
4121
59282
21683
19504
13257
33610
18811
35128
23342
10723
24474
43119
63266
38927
34190
4279
15033
62401
54670
29508
62458
58438
22935
26105
46258
5961
44377
1897
39754
46174
24626
43471
4361
47016
4008
52889
864
9396
28435
13983
46213
14189
41156
22744
60319
18519
51501
6532
29021
50417
53907
19420
47775
3043
14565
3897
62100
63614
1742
60416
16411
41029
8194
11107
55834
2581
36537
64636
60305
12137
58398
53517
17732
16108
17084
63684
46990
6925
24516
60264
44579
20760
33203
13661
16627
3135
10633
26139
35769
48626
58590
19063
24773
43077
37823
48320
42547
6692
55979
18198
9798
54778
16541
6489
53128
50306
42977
36795
15977
7383
2035
57803
37939
37636
982
63402
44265
52525
46277
50366
33512
24471
41396
39009
14988
20313
53864
20069
56699
44173
32260
9932
9055
11755
23035
52749
57422
62186
46331
2635
24302
11523
37457
56694
20748
36574
64319
17826
21455
1904
56756
11104
45184
43276
36896
22101
59128
14405
33284
17085
16065
60819
42371
35605
40633
36335
45350
59517
64542
23521
50928
63040
99
8715
14535
20969
62570
64716
48775
3478
26327
46976
18909
58862
28060
54912
54223
15520
20382
28314
47476
29678
1511
2088
1436
11126
33597
13619
62888
51927
26804
37246
3458
16339
36065
22297
43753
25510
1327
60565
37018
60088
44195
6474
48854
25242
7238
19088
56966
43254
52978
22712
55125
35502
36685
62992
1263
14700
6889
48022
7622
57140
5039
6300
51974
28638
22691
8834
20306
38796
54097
57921
23982
14222
51149
44276
29908
47464
3225
56618
4697
52512
65029
53965
52694
9749
63544
2304
43974
62309
3030
51955
37776
10152
5684
13369
63776
60171
30282
46416
14842
37663
1729
60347
32061
16743
35442
50333
48718
25796
16110
17269
2282
7863
12123
62172
25489
21612
15422
44227
55435
39081
41543
41312
63238
16219
21915
2519
53884
45577
30762
58302
22422
28130
60244
12150
63744
7367
54972
6944
33937
43794
33546
4264
65439
34764
5804
62907
59753
56578
20400
57944
14661
15958
59313
56429
62764
19602
49435
40673
49546
8892
40596
22206
19947
5030
63921
29704
55530
39645
35950
62422
6493
14657
29759
53239
59613
55459
7603
54552
58719
56062
46853
62490
35344
1355
1732
3435
46115
25545
44145
12041
13363
14960
62238
42616
37166
14299
7480
8407
62495
57334
872
17240
56701
28252
53920
46958
41539
64093
58870
1655
12913
10543
6975
58078
39064
12573
31863
38572
21575
56256
51085
23470
54426
55563
53489
56783
11866
23010
14060
14254
50930
6892
37689
24897
15460
55324
47394
29654
53220
25264
30608
58168
5487
7902
23389
3090
35988
40968
38416
20933
1607
4750
13111
46138
42703
34111
23054
59105
51855
23140
23902
51052
52700
56729
42914
49904
31940
24700
12493
36244
56446
18584
40188
14743
50906
7587
39614
35048
62782
9185
48176
32464
13886
9141
12991
6024
35727
12731
22939
24712
22371
8603
22936
22426
58742
38474
57893
16200
58919
44105
41187
59023
40633
6659
60383
34478
61882
28724
52367
50799
7117
15368
2778
31915
19408
3889
64163
28228
43002
33630
4910
23774
64583
54956
57603
52502
12147
43568
51338
23416
48015
10931
39945
53522
9052
45709
64208
22904
42875
64057
15410
54970
6896
45148
46720
51777
32575
53644
7227
15948
12878
6249
32531
35008
46295
10231
3158
18353
64671
45265
32881
8372
35594
21986
35442
16295
7308
54058
17444
24275
18628
14618
37549
64257
15177
36137
48654
53446
17292
60657
3681
38677
9123
20657
29595
15436
9277
9316
35709
30929
15312
20606
6097
64256
21069
42119
45324
36356
30209
23259
13753
38528
58195
5592
55564
59072
5350
30
27119
63226
50570
58171
21276
55048
20129
5840
15201
62567
7554
9661
5765
62229
60903
15296
55949
8427
63569
44140
5539
25314
36419
49248
60861
12582
34008
2009
63445
15327
62905
38460
6172
32109
65531
8456
47693
51691
23359
10841
6297
46397
24817
19450
39809
62196
7881
53196
13557
1110
39915
62985
49171
10984
38116
19691
9336
38743
715
2235
13160
49104
3349
23243
54562
41921
58541
55756
16723
41021
10103
27399
13653
54723
3689
2453
43388
8289
58197
54264
41816
19507
14181
276
55403
44166
36280
38862
49947
6540
46924
55594
9584
51632
56359
22343
16943
38633
6799
21732
4026
16281
